30
[0;0;0]
-1
0.001
5
1
200000000000.0,1,[500;500;500],[0;0;0],[0;0;0],[0;0;0],[0;0;0],[20;30;60],cube,cube,[1;1;1],[0;0;0],[20;30;60],10,1,-1,false
1000000000.0,.6,[0;0;0],[10;0;.5],[0;1.1;0],[0;0;0],[0;.2;0],[20;70;30],cube,cube,[.5;.5;.7],[0;0;0],[20;70;30],600,1,-1,false
1000000000.0,.6,[0;0;0],[30;0;.5],[0;.6;-.1],[0;0;0],[.2;0;0],[120;20;50],cube,cube,[.5;.5;.5],[0;0;0],[120;20;50],1100,1,-1,false
100000000.0,.3,[0;0;0],[0;20;0],[.6;0;-.2],[0;.77;0],[.2;0;.3],[60;70;130],cube,cube,[.2;.2;.2],[0;0;0],[60;70;130],1100,1,-1,false
100000000.0,.3,[0;0;0],[0;2;0],[.2;0;0],[0;.77;0],[.2;0;.3],[60;70;130],cube,cube,[.2;.2;.2],[0;0;0],[60;70;130],1100,1,2,false
100000000.0,.3,[0;0;0],[18;.3;0],[.2;0;-.6],[0;.77;0],[.2;0;.3],[60;70;130],cube,cube,[.2;.2;.2],[0;0;0],[60;70;130],1100,1,0,true