0
[100;100;100]
3
1
5
1000000000
1.989E30,695700000,[0;0;0],[0;0;0],[0;0;0],[0;0;0],[0;0;0 ],[20;30;60],cube,cube,[695700000;695700000;695700000],[0;0;0],[20;30;60],1000,1000000000,-1,false
3.285E23,2440000,[0;0;0],[57909999928;0.20563069;252.25084],[77.45645;7.00487;48.33167],[0;0;0],[0;0;0],[20;30;60],cube,cube,[2440000;2440000;2440000],[0;0;0],[20;70;30],1000,10000000000,0,true
4.867E24,6052000,[0;0;0],[108210465704;0.00677323;181.97973],[131.53298;3.39471;76.68069],[0;0;0],[0;0;0],[20;30;60],cube,cube,[6052000;6052000;6052000],[0;0;0],[20;70;30],1000,10000000000,0,true
5.9724E24,6371000,[0;0;0],[149600016456;0.01671022;100.46435],[102.94719;0.00005;-11.26064],[0;0;0],[0;0;0],[20;30;60],cube,cube,[6371000;6371000;6371000],[0;0;0],[20;70;30],1000,10000000000,0,true
7.346E22,1737400,[0;0;0],[384400000;0.0549;139.23],[318.15;5.145;125.08],[0;0;0],[0;0;0],[20;30;60],cube,cube,[1737400;1737400;1737400],[0;0;0],[20;70;30],1000,10000000,3,true
6.4171E23,3389500,[0;0;0],[227939881576;0.09341233;355.45332],[336.04084;1.85061;49.57854],[0;0;0],[0;0;0],[20;30;60],cube,cube,[3389500;3389500;3389500],[0;0;0],[20;70;30],1000,10000000,0,true
1.0659E16,11266.7,[0;0;0],[9376000;0.0151;0],[0;26.04;0],[0;0;0],[0;0;0],[20;30;60],cube,cube,[1737400;1737400;1737400],[0;0;0],[20;70;30],1000,10000000,5,true
1.4762E15,6200,[0;0;0],[23436200;0.00033;0],[0;27.58;0],[0;0;0],[0;0;0],[20;30;60],cube,cube,[6200;6200;6200],[0;0;0],[20;70;30],1000,10000000,5,true